2
3
5
6
7
9
13
14
15
26
29
30
31
32
33
35
36
37
38
39
40
42
43
44
45
46
47
48
50
51
52
53
55
57
58
59
60
61
62
64
66
68
69
71
75
76
78
83
85
86
87
96
97
98
100
103
108
109
112
116
117
130
131
132
136
137
138
141
143
145
146
148
149
150
151
154
156
157
160
161
163
164
166
167
168
170
174
175
181
183
186
187
190
191
193
194
195
197
198
199
200
201
202
204
205
206
207
209
211
212
214
215
216
218
220
221
222
223
226
227
228
229
231
233
234
240
242
247
256
258
260
262
263
264
266
272
273
274
276
277
278
279
294
295
298
299
307
308
309
310
313
315
316
319
320
322
323
324
325
326
327
328
329
330
332
333
